0
0
0
0
0
0
0
0
0
0
0
0
0
0
0
0
0
0
0
0
0
0
0
0
0
0
0
0
0
0
0
0
0
0
0.125301
0
0
0
0
0
0
0.125134
0
0
0
0
0
0.0102704
0
0.0320561
0.165444
0
0
0
0
0
0
0
0
0
0
0
0
0
0
0
0
0
0
0
0.321194
0
0
0
0
0
0
0
0
0
0
0
0
0
0
0
0
0
0
0
0.63843
0.26283
0
0
0
0
0
0
0
0
0
0
0
0
0
0
0
0
0
0
0
0
0
0
0
0
0
0.179031
0
0
0
0
0
0
0.756991
0.111698
0
0
0.0574168
0
0
0
0
0
0
0
0
0
0
0
0.0567854
0
0
0
0.0127606
0
0
0.38954
0.110867
0.162549
0
0
0.0209284
0
0
0
0
0.0272833
0
0
0
0
0
0.316909
0.113761
0.0105975
0
0
0
0
0
0.00977027
0.0768558
0.0371442
0
0
0
0
0
0
0.127544
0
0
0
0.0182036
0
0
0
0
0
0
0
0
0
0
0
0
0
0
0
0
0
0
0
0
0
0
0
0
0
0
0
0
0
0
0
0
0
0
0
0
0
0
0
0
0
0
0
0
0
0
0
0
0
0
0
0
0
0
0
0
0
0
0
0
0
0
0
0
0
0
0
0
0
0
0
0
0
0
0
0
0
0
0
0.0832813
0
0
0
0
0
0
0
0.0920756
0
0
0
0
0
0
0
0.110646
0
0
0
0
0
0
0
0.0713645
0
0
0
0
0
0
0
0.0566524
0.0261246
0
0
0
0
0
0
0.0990354
0.079896
0.263249
0
0
0
0
0
0.0587633
0.0879564
0.115649
0
0
0
0
0
0
0.0926522
0
0
0
0
0.245601
0.205526
0
0
0
0
0
0
0
0
0
0
0.380326
0.261925
0.298906
0
0
0
0
0
0
0
0
0
0
0
0
0
0
0
0
0
0
0
0
0
0
0.0572703
0
0
0
0
0
0
0
0
0
0.123914
0
0
0
0
0
0
0
0
0
0
0
0
0
0
0
0.0970749
0
0
0
0
0
0
0
0
0
0
0
0
0.013061
0
0
0
0
0
0
0
0.566604
0
0
0
0
0
0
0
0.0765589
0
0
0
0
0
0
0
0
0
0
0
0
0
0
0
0
0
0
0
0
0
0
0
0
0.125256
0.374112
0.124505
0
0
0.427415
0
0
0.0875535
0
0
0
0.254402
0.33587
0
0
0.39833
0.358731
0.0731939
0
0
0.328303
0
0
0.234947
0.138815
0
0
0.00320888
0.337343
0
0
0
0.444154
0.122281
0
0.135888
0.325935
0
0
0
0.205693
0.151137
0.0716612
0.0603404
0.309479
0
0
0
0.353975
0
0
0
0.341545
0
0
0
0.118365
0
0
0
0.538912
0.183879
0.0413143
0
0
0.0323495
0.202028
0.204146
0
0
0
0
0
0
0
0
0
0
0
0
0
0
0
0
0
0
0
0
0.060286
0
0
0
0
0
0
0
0
0
0
0
0
0
0
0
0
0
0
0
0
0
0
0
0
0
0
0
0
0
0
0
0
0
0
0
0
0
0
0
0
0
0
0
0
0
0
0
0
0
0
0
0
0
0
0
0
0
0
0
0
0
0
0
0
0
0
0
0
0
0
0
0
0
0
0
0
0
0
0
0
0
0
0
0
0
0
0
0
0
0
0
0
0
0
0
0
0
0
0
0
0
0
0
0
0
0
0
0.226655
0
0
0
0
0
0
0.0455771
0.200591
0
0
0
0.116741
0
0
0
0.208371
0
0
0.216559
0.0923866
0.194137
0
0
0.211111
0
0
0.222392
0.252964
0.0660622
0
0
0.198407
0
0
0.108178
0.285698
0.105631
0
0
0.165514
0.00262755
0
0
0.285374
0.17129
0
0
0.206283
0.0755056
0
0
0.0627707
0
0
0
0.248523
0.126534
0
0
0
0
0
0
0
0
0
0
0
0
0
0
0
0.335773
0
0
0
0
0
0
0
0
0
0
0
0
0
0
0
0
0
0
0
0
0
0
0
0
0
0
0
0
0
0
0
0
0.0407301
0
0
0
0
0
0
0
0
0
0
0
0
0
0
0
0
0
0.21261
0
0
0
0
0
0
0
0
0
0
0
0
0
0
0
0
0
0
0
0
0
0
0
0
0
0
0
0
0
0.331351
0
0
0
0
0
0
0
0
0
0
0
0
0
0
0
0.0191261
0
0
0
0
0
0
0
0
0
0
0
0
0
0
0
0
0
0.285896
0
0
0
0.0821851
0
0
0
0.0442217
0
0
0.521288
0
0
0.458064
0.19819
0.394618
0.074416
0
0.369689
0
0
1.0244
0.416992
0.368225
0.0231006
0
0.423344
0
0
0.0368115
0.295438
0.0413127
0.00202274
0
0.393755
0
0
0.0979935
0.468702
0.720904
0.170663
0
0.472545
0
0
0
0.821278
0.416911
0.0945716
0
0.546682
0
0.0847608
0
0.628144
0.124511
0
0
0.37478
0
0.0382142
0
0
0
0
0
0.320708
0
0.272579
0
0
0
0
0.107922
0
0
0
0
0
0
0
0
0
0
0
0
0
0
0
0
0
0
0
0.841323
0
0
0
0
0
0
0
0
0
0
0
0
0
0
0
0
0
0
0
0
0
0
0
0
0
0
0
0
0
0
0
0
0.335322
1.61538
0
0
0
0
0
0
0
0
0
0
0
0
0
0
0
0
0
0
0
0
0.119954
0
0
0.00363961
0.191962
0
0
0
0
0
0
0
0
0
0
0
0
0
0.126307
0.0235363
0
0
0
0
0
0.152266
0.00140044
0.00807893
0
0
0
0
0
0.137677
0
0
0
0
0
0
0
0
0
0
0
0
0
0
0
0
0
0
0
0.155993
0
0
0
0
0
0
0
0
0
0
0
0.359619
0
0
0
0
0
0
0
1.20823
0
0
0
0
0
0
0
2.15874
0
0
0
0
0
0
0
1.02202
0
0
0
0
0
0
0
0
1.28166
0
0
0
0.0647845
0
0
0
0
0
0
0
0
0.209151
0.311946
0
0.222277
0.312888
0
0.591361
0
0.39544
0.688277
0
0
0.0353726
0.605974
0.938572
0
0.381417
1.87617
0
0
0
0.803434
1.36437
0
0.379021
1.03515
0.693229
0.727627
0.531672
0.232976
0.963683
0
0.396149
0.890343
0.654558
0
0.273869
0.571078
0.939223
0
0.3117
0.46399
1.69428
0
0.166441
0.630997
1.2805
0
0.32281
0.441624
1.24539
0.705698
0.0726074
0
1.32855
0.233495
0
0
0
0
0.0564554
0.55261
0
0
0
0
0
0
0
0
0
0
0
0
0
0
0
0
0
0
0
0
0
0
0
0
0
0
0
0
0
0
0
0
0
0
0
0
0
0
0
0
0
0
0
0
0
0
0
0
0
0
0
0
0
0
0
0
0
0
0
0
0
0
0
0
0
0
0
0
0
0
0
0
0
0
0
0
0
0
0
0
0
0
0
0.177702
0.130681
0
0
0
0
0
0
0
0
0.0656844
0.123291
0
0
0
0
0
0
0
0
0
0
0
0
0
0.160792
0.0824614
0
0
0
0
0
0
0.0871028
0.386743
0
0
0
0
0
0.0307806
0
0
0
0
0
0
0.0651502
0
0
0
0.0755137
0
0
0.0851362
0
0
0
0.214109
0.174674
0.309361
0
0
0
0
0
0.00946563
0
0
0
0
0
0
0
0
0.198125
0
0
0
0
0
0
0
0.144028
0.0832386
0
0
0
0
0
0
0.0602092
0
0
0
0
0
0
0
0
0
0
0
0.038207
0
0
0
0
0
0
0
0
0
0
0
0
0
0
0
0
0
0
0
0
0
0
0
0
0
0
0
0
0
0
0
0
0
0
0
0
0
0
0
0
0
0
0
0
0
0
0
0
0
0
0
0
0
0
0
0
0
0
0
0
0
0
0
0
0
0
0
0
0
0
0
0.157592
0.542447
0.130923
0.479578
0.45065
0.0789074
0.670527
0
0.563394
1.54436
0
0
0.205258
0.740354
0.948739
0.00659359
0.538934
1.59393
0
0
0
0.20993
0.950367
0.0687721
0.563905
1.0526
0
0
0
0
1.16592
0
0.562032
0.696794
0
0
0
0.0613702
0.735962
0
0.537917
0.351546
1.35257
0
0
0.343032
0.905015
0
0.527372
0.344222
1.46905
0
0.0841975
0
0.820003
0.0419189
0.0287073
0
0.152334
0
0
0
0
0
0
0
0
0
0
0
0
0
0
0
0
0
0
0
0
0
0
0
0
0.130881
0
0
0
0
0
0
0
0
0
0
0
0
0
0
0
0
0
0
0
0
0
0
0
0
0
0
0
0
0
0
0
0
0
0.0218522
0
0
0
0
0
0
0
0
0
0
0
0
0
0
0
0
0
0
0
0
0
0
0
0
0.307088
0
0
0
0
0
0
0
0
0
0
0
0.0646986
0
0
0
0
0
0
0
0
0
0
0
0
0
0
0
0.136752
0
0
0
0.0479293
0
0
0
0.138617
0
0
0
0.123719
0
0
0
0
0
0
0
0
0
0
0
0
0
0
0
0
0
0
0
0
0
0
0
0
0
0
0
0
0
0
0
0
0
0
0
0
0
0
0
0
0
0
0
0
0
0
0
0
0
0
0
0
0
0
0
0
0
0
0
0
0
0
0
0
0
0
0
0
0
0.26011
0
0
0
0
0
0
0
0
0
0
0
0
0.442467
0
0
0
0
0
0
0
0.427992
0
0
0
0
0
0
0.0057919
0.338263
0
0
0
0
0
0
0
0.153092
0
0
0
0
0
0
0
0.220809
0.337318
0
0
0
0
0
0
0.285568
0.760073
0
0
0
0
0
0.165627
0.317738
0.530558
0
0
0
0.678944
0
0.0957804
0
0
0
0
0
0
0
0.705888
0.343687
0
0.392586
0.74127
0.831534
0
0
0.717677
0
0
0.249124
0.505694
0.378215
0
0
0.732747
0.603038
0
0
0
0.3316
0
0
0.70354
0.663468
0
0.261869
0.0611977
0.0948927
0
0
0.729852
0.471245
0
0
0.354946
0.0239791
0
0
0.728763
0.265104
0.942921
0
0.200553
0
0
0
0.763469
0.482174
0.493698
0
0
0
0.0980035
0
0
0
0
0
0
0
0
0
0
0
0
0
0
0
0
0
0
0
0
0
0
0
0
0
0
0
0
0
0
0
0
0
0
0
0
0
0
0
0
0
0
0
0
0
0
0
0
0
0
0
0
0
0
0
0
0
0
0
0
0
0
0
0
0
0
0
0
0
0
0.244783
0
0
0
0
0
0
0
0.0350728
0
0
0
0
0
0.432002
1.11065
0
0
0
0
0
0
0
0
0
0.0869675
0
0
0
0
0
0
0
0
0
0
0
0
0
0
0
0
0
0
0
0
0
0.248671
1.71541
0.0735015
0
0
0
0
0
0
0
0
0
0
0
0
0
0
0
0
0.435116
0.258562
0.143076
0
0
0
0
0
0.904245
0.251014
0.556341
0
0
0
0
0.177356
0.858794
0.266449
0.356673
0
0
0.0863982
0
0
0.922172
0.246265
0.426308
0
0
0
0
0.0449708
0.888842
0.19945
0.784731
0.728798
0.109791
0
0
0
0.935453
0.262653
0.902784
0.655891
0.309034
0
0
0
0.91591
0.145422
0.48967
0.347563
0
0
0
0.512058
0.37407
0.0939294
0
0
0
0
0
0
0.288428
0
0
0
0
0.0368088
0
0
0.104857
0
0
0
0.151203
0
0
0
0.0801594
0
0
0
0
0
0
0
0.100635
0
0
0
0
0.0866519
0
0
0.189598
0
0
0
0
0
0
0
0.140251
0
0
0
0
0
0
0
0
0.0147745
0
0
0
0
0
0
0.167539
